# Created by Octave 5.2.0, Wed May 20 22:04:24 2020 GMT <unknown@Owner-PC>
# name: a
# type: matrix
# rows: 826
# columns: 3
 0 2 6501
 0 2 6501
 0 2 6501
 0 2 6501
 0 2 6501
 0 2 6501
 0 2 6501
 0 2 6501
 0 2 6501
 0 2 6501
 0 2 6501
 0 2 6501
 0 2 6501
 0 2 6501
 0 2 6501
 0 2 6501
 0 2 6501
 0 2 6501
 0 2 6501
 0 2 6501
 0 2799 831
 0 2799 831
 0 2799 831
 0 2799 831
 0 2799 831
 0 2800 831
 0 2799 831
 0 2799 831
 0 2799 831
 0 2799 831
 0 2799 831
 0 2799 831
 0 2799 831
 0 2799 831
 0 2799 832
 0 2799 831
 0 2799 831
 0 2799 831
 0 2799 831
 0 2799 831
 0 2800 831
 0 2800 831
 0 2798 831
 0 2799 831
 0 2799 831
 0 2799 831
 0 2800 832
 1 2799 831
 1 2800 831
 1 2799 832
 1 2799 831
 1 2799 831
 1 2799 832
 1 2799 831
 1 2799 832
 1 2799 831
 1 2799 831
 1 2800 831
 1 2799 831
 1 2799 831
 1 2800 831
 1 2800 831
 1 2799 831
 1 2800 832
 1 2799 831
 1 2800 832
 1 2800 831
 1 2799 831
 1 2799 831
 1 2799 831
 1 2799 831
 1 2799 831
 1 2799 831
 1 2800 831
 1 2799 831
 1 2799 831
 1 2799 831
 1 2799 832
 1 2799 831
 1 2799 831
 1 2799 831
 1 2799 831
 1 2799 832
 1 2799 831
 1 2798 831
 1 2799 831
 1 2799 831
 1 2799 832
 1 2799 831
 1 2799 831
 1 2800 831
 2 2799 831
 2 2799 831
 2 2799 831
 2 2799 831
 2 2799 831
 2 2799 831
 2 2799 831
 2 2799 831
 2 2799 831
 2 2799 831
 2 2799 831
 2 2799 832
 2 2799 831
 2 2799 831
 2 2799 831
 2 2799 831
 2 2800 831
 2 2799 831
 2 2799 831
 2 2799 831
 2 2799 832
 2 2799 831
 2 2799 831
 2 2800 831
 2 2800 831
 2 2799 831
 2 2799 831
 2 2799 831
 2 2799 831
 2 2799 831
 2 2799 831
 2 2799 832
 2 2800 831
 2 2800 831
 2 2799 831
 2 2799 831
 2 2799 832
 2 2799 831
 2 2799 831
 2 2799 831
 2 2799 831
 2 2799 832
 2 2799 831
 2 2800 831
 2 2800 831
 2 2799 831
 3 2800 831
 3 2799 831
 3 2799 831
 3 2800 831
 3 2799 831
 3 2799 831
 3 2799 831
 3 2799 831
 3 2799 831
 3 2800 831
 3 2799 831
 3 2799 831
 3 2799 831
 3 2799 832
 3 2800 831
 3 2800 831
 3 2799 831
 3 2799 831
 3 2799 831
 3 2799 831
 3 2799 831
 3 2799 831
 3 2799 831
 3 2799 831
 3 2799 831
 3 2798 831
 3 2799 831
 3 2799 831
 3 2799 831
 3 2799 831
 3 2799 831
 3 2799 831
 3 2800 831
 3 2799 831
 3 2799 832
 3 2799 831
 3 2799 831
 3 2800 832
 3 2799 831
 3 2799 831
 3 2799 831
 3 2799 831
 3 2799 831
 3 2799 831
 4 2799 831
 4 2799 831
 4 2799 831
 4 2799 831
 4 2799 831
 4 2799 831
 4 2799 832
 4 2799 831
 4 2799 831
 4 2800 831
 4 2799 831
 4 2799 831
 4 2799 831
 4 2799 831
 4 2800 831
 4 2800 831
 4 2800 831
 4 2799 831
 4 2799 831
 4 2799 831
 4 2799 831
 4 2799 831
 4 2799 831
 4 2799 831
 4 2799 831
 4 2800 831
 4 2799 831
 4 2800 831
 4 2799 831
 4 2799 831
 4 2799 831
 4 2799 832
 4 2799 831
 4 2799 831
 4 2799 831
 4 2800 831
 4 2799 831
 4 2799 832
 4 2799 831
 4 2799 831
 4 2799 831
 4 2799 831
 4 2800 831
 4 2799 831
 4 2799 831
 4 2799 831
 5 2799 831
 5 2799 831
 5 2799 832
 5 2799 832
 5 2799 831
 5 2799 831
 5 2799 832
 5 2800 831
 5 2799 831
 5 2800 831
 5 2800 831
 5 2799 831
 5 2800 832
 5 2798 831
 5 2799 831
 5 2799 831
 5 2799 831
 5 2799 832
 5 2799 831
 5 2799 831
 5 2799 831
 5 2799 831
 5 2799 831
 5 2799 831
 5 2799 831
 5 2799 831
 5 2799 831
 5 2799 831
 5 2800 831
 5 2799 832
 5 2799 831
 5 2799 831
 5 2799 832
 5 2799 831
 5 2799 831
 5 2799 831
 5 2799 831
 5 2799 831
 5 2799 831
 5 2799 831
 5 2799 831
 5 2799 831
 5 2799 831
 5 2799 831
 5 2799 831
 5 2799 831
 5 2799 831
 6 2799 831
 6 2799 831
 6 2799 831
 6 2799 831
 6 2799 831
 6 2799 831
 6 2799 831
 6 2799 831
 6 2799 831
 6 2799 831
 6 2800 832
 6 2800 831
 6 2799 831
 6 2799 831
 6 2799 831
 6 2800 831
 6 2799 832
 6 2799 832
 6 2799 831
 6 2799 831
 6 2799 831
 6 2799 832
 6 2799 831
 6 2800 831
 6 2799 832
 6 2799 831
 6 2799 831
 6 2799 831
 6 2799 831
 6 2799 832
 6 2799 831
 6 2799 831
 6 2799 831
 6 2799 831
 6 2800 832
 6 2799 831
 6 2799 831
 6 2800 831
 6 2800 832
 6 2799 831
 6 2799 831
 6 2799 831
 6 2799 831
 7 2800 831
 7 2799 831
 7 2799 831
 7 2800 831
 7 2799 831
 7 2799 831
 7 2800 831
 7 2799 831
 7 2799 832
 7 2799 831
 7 2799 831
 7 2799 832
 7 2799 831
 7 2799 831
 7 2799 831
 7 2799 831
 7 2799 831
 7 2799 831
 7 2799 831
 7 2800 831
 7 2800 831
 7 2800 831
 7 2799 831
 7 2799 831
 7 2799 831
 7 2799 832
 7 2799 831
 7 2800 832
 7 2799 831
 7 2799 831
 7 2799 831
 7 2799 831
 7 2799 831
 7 2799 831
 7 2799 831
 7 2799 831
 7 2799 831
 7 2799 831
 7 2799 831
 7 2799 831
 7 2800 831
 7 2799 831
 7 2799 831
 7 2799 831
 8 2799 831
 8 2799 831
 8 2799 831
 8 2799 831
 8 2799 831
 8 2799 831
 8 2799 831
 8 2799 832
 8 2799 831
 8 2799 831
 8 2800 831
 8 2799 831
 8 2799 831
 8 2799 831
 8 2799 831
 8 2799 831
 8 2800 831
 8 2798 831
 8 2799 832
 8 2800 831
 8 2799 831
 8 2800 831
 8 2800 832
 8 2799 831
 8 2799 831
 8 2800 831
 8 2799 831
 8 2800 831
 8 2800 831
 8 2800 831
 8 2799 832
 8 2799 831
 8 2799 831
 8 2799 831
 8 2799 832
 8 2799 831
 8 2799 832
 8 2799 831
 8 2799 831
 8 2799 831
 8 2799 832
 8 2799 831
 8 2800 832
 8 2799 831
 8 2799 831
 8 2799 831
 8 2799 831
 8 2799 831
 9 2799 831
 9 2799 832
 9 2799 831
 9 2800 831
 9 2800 832
 9 2799 831
 9 2799 832
 9 2799 831
 9 2799 831
 9 2799 831
 9 2799 831
 9 2779 815
 9 2770 807
 9 2769 804
 9 2764 801
 9 2764 800
 9 2762 799
 9 2760 793
 9 2756 793
 9 2748 780
 9 2730 767
 9 2715 756
 9 2691 730
 9 2659 695
 9 2622 659
 9 2579 611
 9 2520 554
 9 2449 480
 9 2371 393
 9 2282 303
 9 2176 198
 9 2056 73
 9 1917 12
 9 1766 3694
 9 1614 3538
 9 1445 3381
 9 1274 3211
 9 1101 3041
 9 926 2873
 9 742 2702
 9 550 2520
 9 343 2322
 9 133 2121
 9 30 1897
 10 3603 1666
 10 3367 1434
 10 3135 1200
 10 2920 977
 10 2692 739
 10 2457 495
 10 2219 238
 10 1969 22
 10 1716 3643
 10 1453 3391
 10 1199 3136
 10 963 2906
 10 716 2673
 10 449 2419
 10 176 2161
 10 42 1883
 10 3562 1625
 10 3248 1322
 10 2982 1044
 10 2711 767
 10 2442 478
 10 2151 179
 10 1869 30
 10 1528 3457
 10 1209 3150
 10 904 2854
 10 594 2560
 10 271 2252
 10 11 1912
 10 3507 1569
 10 3171 1239
 10 2848 903
 10 2525 560
 10 2191 212
 10 1828 3691
 10 1480 3408
 10 1144 3073
 10 799 2746
 10 444 2414
 10 65 2052
 10 3607 1674
 10 3236 1298
 10 2873 920
 10 2516 562
 11 2137 159
 11 1744 3668
 11 1339 3277
 11 944 2893
 11 576 2538
 11 167 2146
 11 3671 1737
 11 3253 1320
 11 2866 914
 11 2476 514
 11 2066 96
 11 1623 3557
 11 1200 3137
 11 803 2754
 11 390 2362
 11 16 1941
 11 3438 1507
 11 3016 1071
 11 2611 655
 11 2190 213
 11 1735 3660
 11 1277 3213
 11 689 2647
 11 179 2166
 11 3638 1702
 11 3157 1222
 11 2720 766
 11 2260 285
 11 1764 3695
 11 1277 3209
 11 812 2765
 11 334 2303
 11 3699 1821
 11 3262 1327
 11 2797 843
 11 2328 356
 11 1821 3696
 11 1306 3245
 11 828 2776
 11 324 2301
 11 3704 1791
 11 3222 1284
 11 2741 784
 11 2275 304
 11 1757 3691
 11 1253 3194
 11 786 2738
 12 308 2287
 12 3705 1791
 12 3287 1347
 12 2790 837
 12 2381 410
 12 1858 1
 12 1378 3311
 12 919 2866
 12 462 2432
 12 18 1978
 12 3437 1506
 12 2996 1049
 12 2563 599
 12 2102 131
 12 1646 3577
 12 1172 3107
 12 268 2245
 12 3705 1768
 12 3235 1293
 12 2634 678
 12 2179 199
 12 1691 3622
 12 1211 3150
 12 751 2707
 12 276 2260
 12 3704 1772
 12 3236 1289
 12 2781 825
 12 2330 356
 12 1840 2732
 12 1361 3292
 12 891 2836
 12 410 2389
 12 5 1911
 12 3364 1429
 12 2901 956
 12 2455 490
 12 1971 24
 12 1468 3403
 12 1001 2942
 12 519 2487
 12 24 2005
 12 3436 1505
 13 2965 1024
 13 2505 543
 13 2025 45
 13 1512 3448
 13 1041 2975
 13 549 2515
 13 49 2035
 13 3470 1536
 13 2992 1048
 13 2535 569
 13 2053 74
 13 1547 3481
 13 1049 2994
 13 582 2548
 13 76 2063
 13 3503 1570
 13 3062 1125
 13 2574 607
 13 2086 100
 13 1583 3515
 13 1263 3217
 13 1261 3217
 13 1261 3218
 13 1261 3219
 13 1261 3218
 13 1261 3219
 13 1260 3219
 13 1260 3218
 13 1261 3218
 13 1262 3218
 13 1262 3219
 13 1262 3218
 13 1261 3218
 13 1261 3218
 13 1261 3217
 13 1261 3218
 13 1261 3218
 13 1261 3218
 13 1260 3218
 13 1261 3218
 13 1261 3218
 13 1260 3218
 13 1260 3218
 13 1260 3218
 14 1261 3218
 14 1260 3218
 14 1260 3218
 14 1260 3218
 14 1260 3218
 14 1260 3218
